Number of Unique Loops
							 Number of Elements 

Exponent 	4	5	6	7	8	9	

1		1	1	1	3	4	2	

1.2		1	1	2	3	2	3	

1.4		1	1	2	3	2	4	

1.6		1	2	2	3	5	5	

1.8		1	2	2	3	7	8	

2.0		1	2	2	4	7	8	

2.2		2	2	2	6	7	8	

2.4		2	2	2	6	7	8	

2.6		2	2	4	6	7	12	

2.8		1	2	4	6	7	12	

3.0		1	2	4	6	8	12	

3.2		1	2	4	6	9	12	

3.4		1	2	4	6	14	12	

3.6		1	2	5	6	14	12	

3.8		1	2	5	6	14	12	

4.0		1	2	5	8	14	16	

4.2		1	2	4	8	14	18	

4.4		1	2	4	8	14	19	

4.6		1	2	4	8	14	18	

4.8		1	2	4	10	18	21	

5.0		1	2	4	10	17	25	

5.2		1	2	4	10	17	21	

5.4		1	2	4	8	21	25	

5.6		1	2	4	8	26	26	

5.8		1	2	4	8	25	41	

6.0		1	2	4	8	28	39	

6.2		1	2	4	8	30	54	

6.4		1	2	4	12	30	54	

6.6		1	2	4	12	31	50	

6.8		1	2	4	12	29	60	

7.0		1	2	6	12	32	74	

7.2		1	2	6	12	33	74	

7.4		1	2	6	12	36	74	

7.6		1	2	6	12	37	79	

7.8		1	2	6	12	38	101	

8.0		1	2	6	12	38	88	

8.2		1	2	6	12	39	93	

8.4		1	2	6	12	40	93	

8.6		1	2	6	12	43	102	

8.8		1	2	6	18	46	98	

9.0		1	2	6	18	52	94	

9.2		1	2	6	18	53	94	

9.4		1	2	6	18	48	95	

9.6		1	2	6	24	50	106	

9.8		1	2	6	24	51	105	

10.0		1	2	6	23	52	125	

10.2		1	2	6	24	50	126	

10.4		1	2	6	24	52	130	

10.6		1	2	6	23	51	119	

10.8		1	2	6	24	49	133	

11.0		1	2	6	24	53	135	

11.2		1	2	6	23	53	136	

11.4		1	2	6	24	51	137	

11.6		1	2	6	24	64	129	

11.8		1	2	6	24	68	138	
