Average Length of Loop
							 Number of Elements 

Exponent 	4	5	6	7	8	9	

1		6.0	8.0	8.0	9.333	10.5	11.0	

1.2		6.0	8.0	8.0	9.333	10.0	18.0	

1.4		6.0	8.0	8.0	8.0	9.0	9.5	

1.6		6.0	7.0	7.0	8.0	8.8	9.6	

1.8		6.0	6.0	7.0	8.0	9.143	10.0	

2.0		6.0	6.0	7.0	7.5	9.143	10.0	

2.2		5.0	6.0	7.0	8.0	9.143	10.0	

2.4		5.0	6.0	7.0	8.0	9.143	10.0	

2.6		5.0	6.0	7.0	8.0	9.143	10.167	

2.8		4.0	6.0	7.0	8.0	9.143	10.0	

3.0		4.0	6.0	7.0	8.0	8.75	9.833	

3.2		4.0	6.0	7.0	7.667	8.667	9.833	

3.4		4.0	6.0	7.0	7.333	8.429	9.833	

3.6		4.0	6.0	6.8	7.333	8.429	9.833	

3.8		4.0	6.0	6.8	7.333	8.429	9.833	

4.0		4.0	6.0	6.8	7.5	8.429	9.625	

4.2		4.0	6.0	6.5	7.5	8.429	9.722	

4.4		4.0	5.0	6.5	7.5	8.429	9.684	

4.6		4.0	5.0	6.5	7.5	8.429	9.444	

4.8		4.0	5.0	6.5	7.8	8.556	9.524	

5.0		4.0	5.0	6.5	7.8	8.353	9.68	

5.2		4.0	5.0	6.5	7.8	8.353	9.476	

5.4		4.0	5.0	6.5	7.5	8.571	9.64	

5.6		4.0	5.0	6.5	7.25	8.692	10.462	

5.8		4.0	5.0	6.5	7.25	8.6	10.049	

6.0		4.0	5.0	6.5	7.25	8.643	10.026	

6.2		4.0	5.0	6.5	7.25	8.767	9.611	

6.4		4.0	5.0	6.5	7.5	8.8	9.537	

6.6		4.0	5.0	6.5	7.5	8.806	9.64	

6.8		4.0	5.0	6.5	7.5	8.793	9.35	

7.0		4.0	5.0	6.0	7.5	8.844	9.473	

7.2		4.0	5.0	6.0	7.5	8.848	9.527	

7.4		4.0	5.0	6.0	7.5	8.694	9.432	

7.6		4.0	5.0	6.0	7.5	8.568	9.481	

7.8		4.0	5.0	6.0	7.5	8.316	9.545	

8.0		4.0	5.0	6.0	7.5	8.316	9.557	

8.2		4.0	5.0	6.0	7.5	8.256	9.613	

8.4		4.0	5.0	6.0	7.5	8.325	9.581	

8.6		4.0	5.0	6.0	7.5	8.349	9.657	

8.8		4.0	5.0	6.0	7.333	8.37	9.582	

9.0		4.0	5.0	6.0	7.333	8.423	9.564	

9.2		4.0	5.0	6.0	7.333	8.434	9.521	

9.4		4.0	5.0	6.0	7.333	8.396	9.632	

9.6		4.0	5.0	6.0	7.0	8.4	9.585	

9.8		4.0	5.0	6.0	7.0	8.412	9.495	

10.0		4.0	5.0	6.0	7.0	8.423	9.184	

10.2		4.0	5.0	6.0	7.0	8.4	9.222	

10.4		4.0	5.0	6.0	7.0	8.442	9.238	

10.6		4.0	5.0	6.0	7.0	8.412	9.202	

10.8		4.0	5.0	6.0	7.0	8.388	9.248	

11.0		4.0	5.0	6.0	7.0	8.434	9.215	

11.2		4.0	5.0	6.0	7.0	8.434	9.257	

11.4		4.0	5.0	6.0	7.0	8.412	9.226	

11.6		4.0	5.0	6.0	7.0	8.344	9.271	

11.8		4.0	5.0	6.0	7.0	8.338	9.246	
