Standard Deviation of Length of Loop
							 Number of Elements 

Exponent 	4	5	6	7	8	9	

1		0.0	0.0	0.0	0.471	0.5	0.0	

1.2		0.0	0.0	0.0	0.471	0.0	9.899	

1.4		0.0	0.0	0.0	0.0	1.0	0.5	

1.6		0.0	0.0	1.0	0.0	0.748	0.49	

1.8		0.0	0.0	1.0	0.0	0.639	0.707	

2.0		0.0	0.0	1.0	0.5	0.639	0.707	

2.2		1.0	0.0	1.0	0.816	0.639	0.707	

2.4		1.0	0.0	1.0	0.816	0.639	0.707	

2.6		1.0	0.0	0.707	0.816	0.639	0.687	

2.8		0.0	0.0	0.707	0.816	0.639	0.816	

3.0		0.0	0.0	0.707	0.816	0.829	0.687	

3.2		0.0	0.0	0.707	0.943	0.667	0.687	

3.4		0.0	0.0	0.707	0.471	0.623	0.687	

3.6		0.0	0.0	0.748	0.471	0.623	0.687	

3.8		0.0	0.0	0.748	0.471	0.623	0.687	

4.0		0.0	0.0	0.748	0.5	0.623	0.696	

4.2		0.0	0.0	0.5	0.5	0.623	0.731	

4.4		0.0	0.0	0.5	0.5	0.623	0.653	

4.6		0.0	0.0	0.5	0.5	0.623	0.685	

4.8		0.0	0.0	0.5	0.748	0.598	0.663	

5.0		0.0	0.0	0.5	0.748	0.588	0.733	

5.2		0.0	0.0	0.5	0.748	0.588	0.587	

5.4		0.0	0.0	0.5	0.5	0.728	0.686	

5.6		0.0	0.0	0.5	0.433	0.722	3.365	

5.8		0.0	0.0	0.5	0.433	0.632	2.767	

6.0		0.0	0.0	0.5	0.433	0.61	2.842	

6.2		0.0	0.0	0.5	0.433	0.716	0.621	

6.4		0.0	0.0	0.5	0.5	0.748	0.534	

6.6		0.0	0.0	0.5	0.5	0.737	0.625	

6.8		0.0	0.0	0.5	0.5	0.76	0.542	

7.0		0.0	0.0	0.0	0.5	0.755	0.62	

7.2		0.0	0.0	0.0	0.5	0.744	0.682	

7.4		0.0	0.0	0.0	0.5	0.775	0.617	

7.6		0.0	0.0	0.0	0.5	0.595	0.613	

7.8		0.0	0.0	0.0	0.5	0.567	0.589	

8.0		0.0	0.0	0.0	0.5	0.567	0.619	

8.2		0.0	0.0	0.0	0.5	0.437	0.688	

8.4		0.0	0.0	0.0	0.5	0.565	0.645	

8.6		0.0	0.0	0.0	0.5	0.566	0.664	

8.8		0.0	0.0	0.0	0.471	0.483	0.605	

9.0		0.0	0.0	0.0	0.471	0.494	0.611	

9.2		0.0	0.0	0.0	0.471	0.496	0.597	

9.4		0.0	0.0	0.0	0.471	0.489	0.666	

9.6		0.0	0.0	0.0	0.0	0.49	0.642	

9.8		0.0	0.0	0.0	0.0	0.492	0.619	

10.0		0.0	0.0	0.0	0.0	0.494	0.387	

10.2		0.0	0.0	0.0	0.0	0.49	0.47	

10.4		0.0	0.0	0.0	0.0	0.497	0.444	

10.6		0.0	0.0	0.0	0.0	0.492	0.422	

10.8		0.0	0.0	0.0	0.0	0.487	0.481	

11.0		0.0	0.0	0.0	0.0	0.496	0.411	

11.2		0.0	0.0	0.0	0.0	0.496	0.437	

11.4		0.0	0.0	0.0	0.0	0.492	0.418	

11.6		0.0	0.0	0.0	0.0	0.475	0.445	

11.8		0.0	0.0	0.0	0.0	0.473	0.431	
