Average Length of Pre-Loop
							 Number of Elements 

Exponent 	4	5	6	7	8	9	

1		4.625	7.4	14.609	10.384	12.519	16.124	

1.2		4.66	7.835	9.095	10.429	16.159	16.314	

1.4		4.785	8.43	9.78	11.764	15.304	17.889	

1.6		4.96	6.575	9.365	11.749	15.264	18.119	

1.8		5.12	7.015	9.355	11.804	14.859	17.649	

2.0		4.78	7.075	9.635	11.034	15.259	18.859	

2.2		4.12	7.225	9.445	10.064	15.214	18.404	

2.4		4.175	6.965	10.104	10.209	15.164	19.059	

2.6		3.92	7.315	8.36	11.114	16.209	17.239	

2.8		5.675	7.435	8.955	10.309	15.774	19.394	

3.0		5.795	7.315	8.255	10.784	16.709	22.269	

3.2		5.905	7.015	8.4	11.254	17.144	22.679	

3.4		5.67	7.125	8.88	11.749	12.554	24.249	

3.6		5.845	7.48	8.195	11.589	14.104	24.284	

3.8		5.835	7.095	8.53	11.564	13.394	25.189	

4.0		5.725	7.27	8.385	11.049	14.069	23.899	

4.2		5.865	6.97	8.98	11.099	13.884	24.649	

4.4		5.55	7.97	8.94	11.859	14.669	25.484	

4.6		5.685	7.93	9.0	11.499	15.409	25.814	

4.8		5.61	7.92	9.045	11.709	14.239	26.259	

5.0		5.665	7.82	9.22	11.194	15.304	24.194	

5.2		5.62	7.84	8.715	12.389	16.329	26.709	

5.4		5.705	7.675	8.935	12.844	15.554	26.394	

5.6		5.655	7.66	9.285	12.424	14.724	22.759	

5.8		5.71	7.125	8.915	13.164	14.619	18.114	

6.0		5.53	7.11	9.16	14.489	15.444	19.099	

6.2		5.34	7.28	9.44	13.804	14.729	18.414	

6.4		5.565	6.895	9.91	11.649	16.169	18.614	

6.6		5.745	7.21	9.23	10.814	16.024	19.339	

6.8		5.53	6.975	9.45	10.739	16.164	19.989	

7.0		5.595	7.045	8.545	10.724	15.604	18.994	

7.2		5.555	7.11	8.465	11.199	14.834	20.189	

7.4		5.68	6.745	8.94	11.369	14.089	17.474	

7.6		5.565	7.085	8.515	11.289	15.079	18.694	

7.8		5.74	7.18	8.495	11.474	14.064	17.714	

8.0		5.57	7.05	8.755	11.299	15.034	17.354	

8.2		5.485	7.13	8.425	11.049	13.894	17.384	

8.4		5.275	7.035	8.25	11.044	13.934	16.709	

8.6		5.52	7.05	8.145	11.719	13.939	17.939	

8.8		5.37	6.885	8.045	11.014	12.834	17.259	

9.0		5.6	6.98	8.225	10.419	12.434	17.644	

9.2		5.385	7.095	8.235	10.439	12.449	17.804	

9.4		5.58	7.06	8.395	10.634	12.694	17.974	

9.6		5.635	7.07	8.02	10.239	12.874	16.909	

9.8		5.53	7.0	8.275	10.234	12.474	15.544	

10.0		5.675	6.975	8.26	9.99	12.784	15.354	

10.2		5.595	7.04	8.095	9.8	13.194	14.824	

10.4		5.44	6.695	8.28	10.184	12.954	14.719	

10.6		5.375	6.995	8.17	9.79	12.814	15.244	

10.8		5.5	6.965	8.52	9.72	12.324	14.794	

11.0		5.48	7.29	7.76	9.965	12.784	14.749	

11.2		5.595	7.03	7.925	9.965	13.099	14.889	

11.4		5.47	7.035	8.125	9.625	13.104	14.434	

11.6		5.49	6.525	7.885	9.52	11.709	14.059	

11.8		5.54	6.75	8.245	9.445	11.779	13.934	
