Standard Deviation of Length of Pre-Loop
							 Number of Elements 

Exponent 	4	5	6	7	8	9	

1		1.271	2.236	6.177	2.69	3.294	5.471	

1.2		1.298	2.315	2.547	2.611	5.754	5.747	

1.4		1.513	2.66	3.606	3.526	5.269	7.032	

1.6		1.624	1.94	2.676	3.103	5.58	6.366	

1.8		1.557	2.203	2.953	3.33	6.501	6.347	

2.0		1.393	2.211	3.025	3.578	6.389	7.581	

2.2		0.881	2.242	2.906	2.706	6.74	7.443	

2.4		0.908	2.268	2.984	3.258	6.15	6.243	

2.6		0.71	2.226	2.332	3.144	6.818	5.578	

2.8		1.603	2.185	2.641	2.883	6.356	7.218	

3.0		1.635	2.139	2.536	3.4	7.103	8.89	

3.2		1.633	2.153	2.613	3.674	7.319	9.764	

3.4		1.53	2.177	2.69	4.059	4.167	10.18	

3.6		1.514	2.214	2.351	3.863	4.934	9.982	

3.8		1.618	2.206	2.915	3.445	4.293	11.01	

4.0		1.7	2.188	2.875	3.831	4.862	11.003	

4.2		1.672	2.059	2.867	4.215	4.888	12.338	

4.4		1.621	2.946	2.828	4.074	5.228	12.692	

4.6		1.648	2.554	2.953	4.099	6.125	11.392	

4.8		1.532	2.693	3.228	4.341	4.816	11.937	

5.0		1.632	2.961	3.04	4.504	6.419	11.502	

5.2		1.651	2.747	3.117	5.118	7.075	13.557	

5.4		1.596	2.694	3.051	6.262	7.633	13.248	

5.6		1.684	2.708	3.457	5.461	6.173	9.444	

5.8		1.617	1.99	2.92	5.736	6.38	6.746	

6.0		1.673	1.936	3.266	6.042	6.336	7.911	

6.2		1.725	1.836	3.13	5.914	6.647	8.096	

6.4		1.663	2.001	3.05	3.713	6.803	6.994	

6.6		1.637	1.829	3.24	3.755	6.288	6.967	

6.8		1.67	1.815	3.029	3.575	6.576	9.839	

7.0		1.631	1.861	2.675	3.518	6.93	9.539	

7.2		1.651	2.004	2.819	3.647	6.688	10.929	

7.4		1.596	1.992	2.732	3.753	5.712	7.448	

7.6		1.528	1.933	2.909	3.487	6.228	8.627	

7.8		1.527	1.918	2.739	3.555	5.71	7.63	

8.0		1.675	1.83	2.894	3.731	6.414	8.075	

8.2		1.682	1.911	2.679	3.42	5.727	7.663	

8.4		1.637	1.935	2.325	3.123	5.473	7.205	

8.6		1.703	1.819	2.208	3.567	5.693	7.674	

8.8		1.68	1.825	2.138	3.434	4.214	7.463	

9.0		1.594	1.871	2.167	3.52	3.903	6.991	

9.2		1.599	1.87	2.042	3.328	3.622	7.482	

9.4		1.632	1.923	2.126	3.336	3.712	7.638	

9.6		1.701	1.762	2.03	3.197	3.508	6.717	

9.8		1.661	1.939	2.165	3.114	3.736	5.359	

10.0		1.603	1.901	2.155	2.698	3.82	5.823	

10.2		1.597	1.846	2.041	3.0	3.944	5.695	

10.4		1.614	1.908	2.15	3.151	4.009	4.6	

10.6		1.557	1.861	2.093	3.104	3.672	5.447	

10.8		1.694	1.943	2.179	3.032	3.688	5.359	

11.0		1.655	1.815	1.893	3.024	3.914	5.109	

11.2		1.603	1.836	2.049	3.207	3.692	4.345	

11.4		1.723	1.834	2.09	2.463	3.911	4.236	

11.6		1.616	2.093	2.223	2.412	3.698	3.897	

11.8		1.577	1.918	2.092	2.475	3.912	4.008	
