Number of Unique Loop Lengths

		4		5		6		7		8		9		

1		1		1		1		3		4		2		
1.25		1		1		2		3		2		4		
1.5		1		2		2		3		2		4		
1.75		1		2		2		3		7		8		
2.0		1		2		2		4		7		8		
2.25		2		2		2		6		7		8		
2.5		2		2		2		6		7		10		
2.75		1		2		4		6		7		12		
3.0		1		2		4		6		8		9		
3.25		1		2		4		6		8		10		
3.5		1		2		4		6		14		12		
3.75		1		2		5		6		14		10		
4.0		1		2		5		8		14		14		
4.25		1		2		4		8		14		16		
4.5		1		2		4		8		14		19		
4.75		1		2		4		10		17		17		
5.0		1		2		4		10		17		20		
5.25		1		2		4		10		19		25		
5.5		1		2		4		8		22		21		
5.75		1		2		4		8		22		25		
6.0		1		2		4		8		23		42		
6.25		1		2		4		8		28		43		
6.5		1		2		4		12		25		41		
6.75		1		2		4		12		29		55		
7.0		1		2		6		12		28		52		
7.25		1		2		6		12		27		56		
7.5		1		2		6		12		35		53		
7.75		1		2		6		12		33		70		
8.0		1		2		6		12		34		58		
8.25		1		2		6		12		35		56		
8.5		1		2		6		12		36		68		
8.75		1		2		6		17		43		64		
9.0		1		2		6		18		45		66		
9.25		1		2		6		17		45		70		
9.5		1		2		6		23		43		62		
9.75		1		2		6		21		38		70		