Average Length of Pre-Loop

		4		5		6		7		8		9		10		

1		4.67		6.859		14.659		9.789		12.519		16.938		19.218		
1.25		4.74		7.919		9.129		11.599		16.978		17.248		27.277		
1.5		4.8		6.409		10.609		11.019		16.518		18.808		22.178		
1.75		5.139		7.009		9.049		12.629		12.929		17.538		22.948		
2.0		5.159		6.939		9.479		11.459		14.499		16.308		22.838		
2.25		4.06		7.089		10.149		9.919		14.369		17.748		22.448		
2.5		4.01		7.479		9.789		10.649		14.779		17.958		22.418		
2.75		5.869		7.329		8.999		10.529		16.088		19.098		26.307		
3.0		5.949		7.089		8.819		11.269		16.998		21.408		29.047		
3.25		5.979		7.579		8.879		11.289		17.718		22.788		28.437		
3.5		5.679		7.419		9.029		11.599		13.459		24.018		31.907		
3.75		5.669		7.279		8.199		11.189		13.849		25.047		32.877		
4.0		5.509		7.469		8.459		11.549		13.949		22.208		32.217		
4.25		5.629		7.059		9.389		10.659		13.419		23.318		29.927		
4.5		5.699		8.199		8.559		11.549		13.919		24.338		32.717		
4.75		5.239		7.839		8.729		12.229		15.648		25.227		36.266		
5.0		5.849		7.569		9.049		11.349		16.488		26.617		33.147		
5.25		5.739		7.509		8.879		11.439		16.348		26.887		34.837		
5.5		5.679		7.599		9.699		11.959		16.568		26.777		30.957		
5.75		5.809		7.319		9.479		13.489		15.198		21.918		25.987		
6.0		5.349		7.149		9.019		13.609		14.129		19.328		28.087		
6.25		5.699		7.139		9.539		13.639		16.178		18.368		30.037		
6.5		5.859		7.299		9.669		11.149		14.359		17.508		28.767		
6.75		5.569		7.019		9.249		11.219		14.969		19.038		31.917		
7.0		5.369		7.439		8.089		11.809		14.939		19.888		25.927		
7.25		5.549		6.869		8.849		11.249		15.978		17.808		25.147		
7.5		5.429		6.959		8.909		10.799		14.039		19.148		24.988		
7.75		5.479		7.219		8.779		11.529		13.609		16.868		25.217		
8.0		5.469		7.079		8.659		11.149		13.209		16.748		20.128		
8.25		5.459		6.889		8.519		11.239		14.049		18.008		20.108		
8.5		5.459		7.049		7.959		11.309		13.639		17.148		21.118		
8.75		5.679		7.259		8.419		10.489		12.899		17.388		20.538		
9.0		5.549		7.089		8.509		10.519		12.929		18.378		18.178		
9.25		5.729		6.969		7.919		10.909		12.539		18.418		17.438		
9.5		5.519		6.849		8.249		10.199		13.149		17.218		17.068		
9.75		5.509		6.979		8.189		9.749		12.349		14.319		17.448		
10.0		5.579		7.019		8.069		10.279		12.379		15.388		18.438		
10.25		5.609		7.169		8.339		9.869		11.929		14.819		17.898		
10.5		5.489		6.829		8.059		10.349		11.909		15.018		18.248		
10.75		5.499		7.129		8.209		10.009		12.619		15.598		18.068		
11.0		5.719		7.029		8.119		9.889		11.869		14.979		17.938		
11.25		5.639		7.009		8.129		9.509		12.999		14.449		18.548		
11.5		5.389		6.989		8.259		9.139		11.569		13.569		19.058		
11.75		5.439		6.989		8.139		9.939		11.379		13.999		19.398		
12.0		5.619		6.699		8.029		9.689		11.599		13.959		19.098		
12.25		5.479		6.999		8.179		9.509		12.079		14.419		16.478		
12.5		5.329		6.719		8.449		9.639		11.659		14.409		15.808		
12.75		5.769		6.799		8.059		9.599		10.909		13.379		15.318		
13.0		5.569		6.809		8.069		9.699		10.739		13.949		16.598		
13.25		5.239		7.099		8.059		9.949		11.479		14.459		16.148		
13.5		5.599		6.949		7.939		9.659		11.699		14.219		16.018		
13.75		5.689		6.759		8.189		9.709		10.869		13.539		15.908		
14.0		5.639		6.969		8.369		9.349		11.559		13.399		14.459		
14.25		5.229		7.259		7.669		9.779		10.489		13.369		14.889		
14.5		5.569		7.129		8.219		10.019		10.969		13.679		15.408		
14.75		5.449		7.019		7.979		9.899		11.269		12.839		15.148		