Number of Unique Loops

		4		5		6		7		8		9		10		

1		1		1		1		3		4		2		2		
1.25		1		1		2		3		2		4		2		
1.5		1		2		2		3		2		4		7		
1.75		1		2		2		3		7		8		6		
2.0		1		2		2		4		6		8		7		
2.25		2		2		2		6		7		8		7		
2.5		2		2		2		6		7		9		7		
2.75		1		2		4		6		7		12		11		
3.0		1		2		4		6		8		10		11		
3.25		1		2		4		6		9		10		14		
3.5		1		2		4		6		14		10		14		
3.75		1		2		5		6		14		12		14		
4.0		1		2		5		8		14		15		15		
4.25		1		2		4		8		14		16		20		
4.5		1		2		4		8		14		19		18		
4.75		1		2		4		10		18		18		21		
5.0		1		2		4		10		16		19		26		
5.25		1		2		4		9		18		16		24		
5.5		1		2		4		8		22		21		36		
5.75		1		2		4		8		25		25		44		
6.0		1		2		4		8		24		39		57		
6.25		1		2		4		7		29		43		54		
6.5		1		2		4		12		26		45		54		
6.75		1		2		4		12		26		53		52		
7.0		1		2		6		12		27		58		58		
7.25		1		2		6		12		26		55		68		
7.5		1		2		6		12		33		56		65		
7.75		1		2		6		12		36		62		69		
8.0		1		2		6		12		33		60		76		
8.25		1		2		6		12		35		57		86		
8.5		1		2		6		12		34		62		85		
8.75		1		2		6		17		40		64		89		
9.0		1		2		6		18		36		69		86		
9.25		1		2		6		18		43		67		90		
9.5		1		2		6		23		46		71		85		
9.75		1		2		6		23		40		71		89		
10.0		1		2		6		24		45		75		87		
10.25		1		2		6		21		41		80		92		
10.5		1		2		6		22		40		77		86		
10.75		1		2		6		23		42		77		89		
11.0		1		2		6		23		43		71		92		
11.25		1		2		6		23		41		79		91		
11.5		1		2		6		24		52		87		95		
11.75		1		2		6		23		51		77		92		
12.0		1		2		6		22		43		78		94		
12.25		1		2		6		23		48		83		89		
12.5		1		2		6		24		57		90		97		
12.75		1		2		6		24		65		84		94		
13.0		1		2		6		24		63		84		97		
13.25		1		2		6		24		63		86		97		
13.5		1		2		6		24		62		81		95		
13.75		1		2		6		24		59		85		98		
14.0		1		2		6		22		60		87		95		
14.25		1		2		6		24		62		82		99		
14.5		1		2		6		24		59		87		96		
14.75		1		2		6		24		64		87		98		