Average Length of Pre-Loop
							 Number of Elements 

Exponent 	4	5	6	

1.0		4.612	7.279	14.778	

1.2		4.798	7.697	9.18	

1.4		4.821	8.338	9.759	

1.6		4.898	6.598	9.238	

1.8		5.033	7.159	9.423	

2.0		4.897	7.159	9.525	

2.2		4.083	7.2	9.7	

2.4		4.082	7.22	9.847	

2.6		4.076	7.273	8.451	

2.8		5.86	7.214	8.549	

3.0		5.856	7.277	8.548	

3.2		5.82	7.237	8.739	

3.4		5.8	7.317	8.779	

3.6		5.723	7.235	8.266	

3.8		5.775	7.23	8.575	

4.0		5.678	7.306	8.443	

4.2		5.622	7.246	9.049	

4.4		5.734	7.973	9.044	

4.6		5.682	7.991	8.97	

4.8		5.659	7.889	9.12	
