Standard Deviation of Length of Pre-Loop
							 Number of Elements 

Exponent 	4	5	6	

1.0		1.252	2.238	6.309	

1.2		1.456	2.219	2.586	

1.4		1.453	2.724	3.464	

1.6		1.512	1.995	2.679	

1.8		1.575	2.226	2.825	

2.0		1.497	2.237	2.936	

2.2		0.891	2.191	2.985	

2.4		0.872	2.189	3.036	

2.6		0.881	2.165	2.342	

2.8		1.622	2.203	2.443	

3.0		1.643	2.133	2.433	

3.2		1.617	2.126	2.615	

3.4		1.634	2.148	2.646	

3.6		1.627	2.149	2.514	

3.8		1.65	2.151	2.882	

4.0		1.615	2.118	2.838	

4.2		1.676	2.16	3.044	

4.4		1.633	2.807	3.061	

4.6		1.621	2.815	3.039	

4.8		1.634	2.821	3.114	
